[[[0.0, 0.2558831578595795, 0.1889822365046136, 0.1543033499620919, 0.1889822365046136], [0.2558831578595795, 0.0, 0.2558831578595795, 0.2558831578595795, 0.2558831578595795], [0.1889822365046136, 0.2558831578595795, 0.0, 0.1889822365046136, 0.1543033499620919], [0.1543033499620919, 0.2558831578595795, 0.1889822365046136, 0.0, 0.1889822365046136], [0.1889822365046136, 0.2558831578595795, 0.1543033499620919, 0.1889822365046136, 0.0]], [[0.0, 0.24397501823713327, 0.2672612419124244, 0.2672612419124244, 0.24397501823713327, 0.21821789023599236], [0.24397501823713327, 0.0, 0.1889822365046136, 0.1889822365046136, 0.0, 0.10910894511799618], [0.2672612419124244, 0.1889822365046136, 0.0, 0.21821789023599236, 0.1889822365046136, 0.1543033499620919], [0.2672612419124244, 0.1889822365046136, 0.21821789023599236, 0.0, 0.1889822365046136, 0.1543033499620919], [0.24397501823713327, 0.0, 0.1889822365046136, 0.1889822365046136, 0.0, 0.10910894511799618], [0.21821789023599236, 0.10910894511799618, 0.1543033499620919, 0.1543033499620919, 0.10910894511799618, 0.0]], [[0.0, 0.24397501823713327, 0.1889822365046136, 0.1889822365046136, 0.0, 0.10910894511799618], [0.24397501823713327, 0.0, 0.2672612419124244, 0.2672612419124244, 0.24397501823713327, 0.21821789023599236], [0.1889822365046136, 0.2672612419124244, 0.0, 0.21821789023599236, 0.1889822365046136, 0.1543033499620919], [0.1889822365046136, 0.2672612419124244, 0.21821789023599236, 0.0, 0.1889822365046136, 0.1543033499620919], [0.0, 0.24397501823713327, 0.1889822365046136, 0.1889822365046136, 0.0, 0.10910894511799618], [0.10910894511799618, 0.21821789023599236, 0.1543033499620919, 0.1543033499620919, 0.10910894511799618, 0.0]]]