[[[0.0, 0.23145502494313785, 0.40089186286863654, 0.1889822365046136], [0.23145502494313785, 0.0, 0.32732683535398854, 0.1336306209562122], [0.40089186286863654, 0.32732683535398854, 0.0, 0.3535533905932738], [0.1889822365046136, 0.1336306209562122, 0.3535533905932738, 0.0]], [[0.0, 0.28867513459481287, 0.3450327796711771, 0.32732683535398854], [0.28867513459481287, 0.0, 0.10910894511799618, 0.21821789023599236], [0.3450327796711771, 0.10910894511799618, 0.0, 0.28867513459481287], [0.32732683535398854, 0.21821789023599236, 0.28867513459481287, 0.0]], [[0.0, 0.0, 0.3535533905932738, 0.23145502494313785], [0.0, 0.0, 0.3535533905932738, 0.23145502494313785], [0.3535533905932738, 0.3535533905932738, 0.0, 0.3779644730092272], [0.23145502494313785, 0.23145502494313785, 0.3779644730092272, 0.0]]]