[[[0.0, 0.20701966780270625, 0.20701966780270625, 0.0, 0.2672612419124244], [0.20701966780270625, 0.0, 0.23904572186687872, 0.20701966780270625, 0.29277002188455997], [0.20701966780270625, 0.23904572186687872, 0.0, 0.20701966780270625, 0.29277002188455997], [0.0, 0.20701966780270625, 0.20701966780270625, 0.0, 0.2672612419124244], [0.2672612419124244, 0.29277002188455997, 0.29277002188455997, 0.2672612419124244, 0.0]], [[0.0, 0.31622776601683794, 0.3380617018914066, 0.31622776601683794, 0.29277002188455997], [0.31622776601683794, 0.0, 0.20701966780270625, 0.0, 0.11952286093343936], [0.3380617018914066, 0.20701966780270625, 0.0, 0.20701966780270625, 0.1690308509457033], [0.31622776601683794, 0.0, 0.20701966780270625, 0.0, 0.11952286093343936], [0.29277002188455997, 0.11952286093343936, 0.1690308509457033, 0.11952286093343936, 0.0]], [[0.0, 0.29277002188455997, 0.20701966780270625, 0.1690308509457033, 0.20701966780270625], [0.29277002188455997, 0.0, 0.2672612419124244, 0.23904572186687872, 0.2672612419124244], [0.20701966780270625, 0.2672612419124244, 0.0, 0.11952286093343936, 0.0], [0.1690308509457033, 0.23904572186687872, 0.11952286093343936, 0.0, 0.11952286093343936], [0.20701966780270625, 0.2672612419124244, 0.0, 0.11952286093343936, 0.0]]]